{
    "x": [[0.05529517985678919, 0.8321426912946163, -0.33047205728196444, 1.5660846624368694, 0.31799103786055943, -1.4097431278064383, -0.21826623216117433, -2.138713504144542, -0.10522830922864239, 1.3410237626979182, -1.7624867138699694, -1.224442428465171, -1.5930535434844588, 1.1764243660626292, 0.7946042031019319, -0.01352918851531165, -0.5103496011349545, -1.5921335151546556, 0.09320312205410494, -0.5169512687506547, 0.6317547292514134, 1.0662461984426732, 0.2732981541416243, -0.044004029048554834, -0.17012342462008406, -0.5955688567019802, 0.06415559715442025, -0.5123457803484431, -0.8536908838333813, 0.3261087511493684, 2.075647275686258, 1.4858755214168917, 0.7865008385707452, -1.1627509375613905, -1.2157348731137134, -0.36283738984185027, -1.4306111328992164, 1.0679070385196006, -1.3779272604373343, 0.029710117507680673, 0.41842762582841814, -0.00705111551051521, 0.32265300446677836, 0.18771935571104467, 0.9595957107193324, -1.3603640082676742, 0.8578062922010099, -0.7590413748179913, 0.7487111477430739, -0.0859565540189607], [-0.8577222008802207, -1.5969066212021632, -0.39413198947064665, -0.9322221929648968, 0.992600826234841, 0.6849538649523288, -0.15310298845450207, 0.03748622022702018, -0.1440737295414433, 1.0386720262316345, -0.16502486440692438, 0.04211594987414182, 0.5344517124845354, -0.41760319978837745, 0.8865238169259679, 0.6632339095931065, -0.2566065570217306, 0.5901979154420903, 0.38799149616727097, 0.09861587695786955, -1.5217415143664872, -0.6833641998599983, -0.8395937738823006, 2.9978644323622405, 0.4624982003761668, 0.7043447295883423, 1.0716594253482385, -0.36728512486499965, -0.7842717568288741, 1.1382888341765327, -0.2865982393997719, -1.1910285430677057, -1.7397220789971801, 1.2224750621479834, 1.6798324279287207, 0.22122930141712863, 1.1501002244654772, 2.7193861156932115, -1.1323923056774379, 1.3133355394545718, -0.7774780087498299, 0.5495177075961534, 0.849227173831597, -1.0845614548224833, 0.521901336696015, -1.885707590347919, -0.05123191972135134, -1.2890384862781, 0.024384873206345914, -0.11695045011950028]],
    "y": [-66.8834962630042, -73.63972649390841, -55.56736658220646, 32.396445579022725, 104.0561310488712, -41.88063429201998, -27.85826435193573, -146.1499007681605, -19.225658274999688, 179.24420990591454, -136.5988417516833, -81.9692757011245, -67.08513741441809, 47.64959637612867, 128.56581422696624, 53.757228183964045, -56.776770957033904, -62.42317699227029, 38.504047785101925, -27.93988690531716, -81.42363959899845, 18.042173829720745, -50.175851556619676, 244.18315946799402, 26.273912361329394, 16.53258122698275, 92.86371983641244, -66.04446355923642, -124.25553681972471, 116.63845185237207, 121.20315014102435, 5.453888888888841, -88.60360222150331, 19.68768194583771, 53.71171010955331, -7.0729170620897825, -4.973113226108168, 298.80550505860765, -189.54910850556692, 110.39271418494313, -34.92546701753999, 44.83034377969247, 92.5564697996922, -76.35174146060521, 110.00625259935985, -250.45444531878437, 55.63317259651531, -159.28226355364615, 54.257020200946805, -15.643818142311144],
    "coefficients": [0.0, 69.78103342328285, 82.47664684922421]
}